10：
1	*******	1002002	1	1	0	700
1	*******	1002003	1	1	0	700
1	*******	1002039	1	1	0	700
1	*******	1002040	1	1	0	700
1	*******	1002043	1	1	0	700
1	*******	1002044	1	1	0	700
15：
1	*******	1002007	1	1	0	700
1	*******	1002051	1	1	0	700
1	*******	1002052	1	1	0	700
20：
1	*******	1002011	1	1	0	700
1	*******	1002027	1	1	0	700
25：
1	*******	1002005	1	1	0	700
1	*******	1002049	1	1	0	700
1	*******	1002050	1	1	0	700
30：
1	*******	1002023	1	1	0	700
35：
1	*******	1002004	1	1	0	700
1	*******	1002047	1	1	0	700
1	*******	1002048	1	1	0	700
40：
1	*******	1002021	1	1	0	700
1	*******	1002025	1	1	0	700
1	*******	1002045	1	1	0	700
1	*******	1002046	1	1	0	700
45：
1	*******	1002024	1	1	0	700
50：
1	*******	1002028	1	1	0	700
55：
1	*******	1002022	1	1	0	700
60：
1	*******	1002029	1	1	0	700
70：
1	*******	1002030	1	1	0	700