美发

男

30000, 30010, 30020, 30030, 30040, 30050, 30060, 30070, 30080, 30090

30100, 30110, 30120, 30130, 30140, 30150, 30160, 30170, 30180, 30190

30200, 30210, 30220, 30230, 30240, 30250, 30260, 30270, 30280, 30290

30300, 30310, 30320, 30330, 30340, 30350, 30360, 30370

30400, 30410, 30420, 30430, 30440, 30450, 30460, 30470, 30480, 30490

30510, 30520, 30530, 30540, 30550, 30560, 30570, 30580, 30590

30600, 30610, 30620, 30630, 30640, 30650, 30660, 30670, 30680, 30690

30700, 30710, 30720, 30730, 30740, 30750, 30760, 30770, 30780, 30790

30800, 30810, 30820, 30830, 30840, 30850, 30860, 30870, 30880, 30890

30900, 30910, 30920, 30930, 30940, 30950, 30990


女
31000, 31010, 31020, 31030, 31040, 31050, 31060, 31070, 31080, 31090

31100, 31110, 31120, 31130, 31140, 31150, 31160, 31170, 31180, 31190

31200, 31210, 31220, 31230, 31240, 31250, 31260, 31270, 31280, 31290

31300, 31310, 31320, 31330, 31340, 31350, 31360

31400, 31410, 31420, 31430, 31440, 31450, 31460, 31470, 31480, 31490

31510, 31520, 31450, 31540, 31550, 31560, 31570, 31580, 31590

31600, 31610, 31620, 31630, 31640, 31650, 31660, 31670, 31680, 31690

31700, 31710, 31720, 31730, 31740, 31750, 31760, 31770, 31780, 31790

31800, 31810, 31820, 31830, 31840, 31850, 31860, 31870, 31880, 31890

31910, 31920, 31930, 31940, 31950, 31990


混合

32150, 32160

32310, 32320, 32330, 32340, 32350, 32360, 32370, 32380, 32390

32400, 32410, 32420

33000, 33030, 33040, 33050, 33060, 33070, 33080, 33090



33100, 33110, 33120, 33130, 33150, 33160, 33170, 33180, 33190

33210, 33220, 33240, 33250, 33260, 33270, 33280, 33290

33330, 33350, 33360, 33370, 33380, 33390

33400, 33410, 33430, 33440, 33450, 33460, 33470, 33480

33500, 33510, 33520, 33530, 33540, 33550, 33580, 33590

33600, 33610, 33620, 33630, 33660, 33670, 33680, 33690

33800

34000, 34010, 34020, 34030, 34040, 34050, 34060, 34070, 34080, 34090

34100, 34110, 34120, 34130, 34140, 34150, 34160, 34170, 34180, 34190

34210, 34220, 34240, 34250, 34260, 34270

34310, 34320, 34330, 34340, 34360, 34370, 34380

34400, 34410, 34420, 34430, 34440, 34450, 34470, 34480, 34490

34510, 34540, 34590

34600, 34610, 34620, 34630, 34650, 34660, 34670, 34680, 34690

34720, 34780, 34790

36040, 36050, 36060


混合集中

32150, 32160, 32310, 32320, 32330, 32340, 32350, 32360, 32370, 32380, 32390, 32400, 32410, 32420, 33000, 33030, 33040, 33050, 33060, 33070, 33080, 33090, 33100, 33110, 33120, 33130, 33150, 33160, 33170, 33180, 33190, 33210, 33220, 33240, 33250, 33260, 33270, 33280, 33290, 33330, 33350, 33360, 33370, 33380, 33390, 33400, 33410, 33430, 33440, 33450, 33460, 33470, 33480, 33500, 33510, 33520, 33530, 33540, 33550, 33580, 33590, 33600, 33610, 33620, 33630, 33660, 33670, 33680, 33690, 33800, 34000, 34010, 34020, 34030, 34040, 34050, 34060, 34070, 34080, 34090, 34100, 34110, 34120, 34130, 34140, 34150, 34160, 34170, 34180, 34190, 34210, 34220, 34240, 34250, 34260, 34270, 34310, 34320, 34330, 34340, 34360, 34370, 34380, 34400, 34410, 34420, 34430, 34440, 34450, 34470, 34480, 34490, 34510, 34540, 34590, 34600, 34610, 34620, 34630, 34650, 34660, 34670, 34680, 34690, 34720, 34780, 34790, 36040, 36050, 36060
