男

20000, 20001, 20002, 20003, 20004, 20005, 20006, 20007, 20008, 20009

20010, 20011, 20012, 20013, 20014, 20015, 20016, 20017, 20018, 20019

20020, 20021, 20022, 20023, 20024, 20025, 20026, 20027, 20028, 20029

20030, 20031, 20032, 20036, 20037

20040, 20043, 20044, 20045, 20046, 20047, 20048, 20049

20050, 20052, 20053, 20055, 20056, 20057

女

21000, 21001, 21002, 21003, 21004, 21005, 21006, 21007, 21008, 21009

21010, 21011, 21012, 21013, 21014, 21015, 21016, 21017, 21018, 21019

21020, 21021, 21022, 21023, 21024, 21025, 21026, 21027, 21028, 21029

21030, 21031, 21033, 21034, 21035, 21038

21041, 21042, 21043, 21044, 21045, 21046, 21047, 21048, 21049

21052, 21053, 21054, 21055, 21058

21062












