单手剑
1	*******	1302143	1	1	0	700
1	*******	1302144	1	1	0	700
1	*******	1302145	1	1	0	700
1	*******	1302146	1	1	0	700
1	*******	1302147	1	1	0	700

单手斧
1	*******	1312058	1	1	0	700
1	*******	1312059	1	1	0	700
1	*******	1312060	1	1	0	700
1	*******	1312061	1	1	0	700
1	*******	1312062	1	1	0	700

单手棍
1	*******	1322086	1	1	0	700
1	*******	1322087	1	1	0	700
1	*******	1322088	1	1	0	700
1	*******	1322089	1	1	0	700
1	*******	1322090	1	1	0	700
短剑
1	*******	1332116	1	1	0	700
1	*******	1332117	1	1	0	700
1	*******	1332118	1	1	0	700
1	*******	1332119	1	1	0	700
1	*******	1332120	1	1	0	700
1	*******	1332121	1	1	0	700
1	*******	1332122	1	1	0	700
1	*******	1332123	1	1	0	700
1	*******	1332124	1	1	0	700
1	*******	1332125	1	1	0	700

双刀
1	*******	1342029	1	1	0	700
1	*******	1342030	1	1	0	700
1	*******	1342031	1	1	0	700
1	*******	1342032	1	1	0	700
1	*******	1342033	1	1	0	700



短杖
1	*******	1372074	1	1	0	700
1	*******	1372075	1	1	0	700
1	*******	1372076	1	1	0	700
1	*******	1372077	1	1	0	700
1	*******	1372078	1	1	0	700

长杖
1	*******	1382095	1	1	0	700
1	*******	1382096	1	1	0	700
1	*******	1382097	1	1	0	700
1	*******	1382098	1	1	0	700
1	*******	1382099	1	1	0	700

双手剑
1	*******	1402086	1	1	0	700
1	*******	1402087	1	1	0	700
1	*******	1402088	1	1	0	700
1	*******	1402089	1	1	0	700
1	*******	1402090	1	1	0	700

双手斧
1	*******	1412058	1	1	0	700
1	*******	1412059	1	1	0	700
1	*******	1412060	1	1	0	700
1	*******	1412061	1	1	0	700
1	*******	1412062	1	1	0	700

双手棍
1	*******	1422059	1	1	0	700
1	*******	1422060	1	1	0	700
1	*******	1422061	1	1	0	700
1	*******	1422062	1	1	0	700
1	*******	1422063	1	1	0	700

枪
1	*******	1432077	1	1	0	700
1	*******	1432078	1	1	0	700
1	*******	1432079	1	1	0	700
1	*******	1432080	1	1	0	700
1	*******	1432081	1	1	0	700

矛
1	*******	1442107	1	1	0	700
1	*******	1442108	1	1	0	700
1	*******	1442109	1	1	0	700
1	*******	1442110	1	1	0	700
1	*******	1442111	1	1	0	700

弓
1	*******	1452102	1	1	0	700
1	*******	1452103	1	1	0	700
1	*******	1452104	1	1	0	700
1	*******	1452105	1	1	0	700
1	*******	1452106	1	1	0	700

弩
1	*******	1462087	1	1	0	700
1	*******	1462088	1	1	0	700
1	*******	1462089	1	1	0	700
1	*******	1462090	1	1	0	700
1	*******	1462091	1	1	0	700

拳套
1	*******	1472113	1	1	0	700
1	*******	1472114	1	1	0	700
1	*******	1472115	1	1	0	700
1	*******	1472116	1	1	0	700
1	*******	1472117	1	1	0	700

指虎
1	*******	1482075	1	1	0	700
1	*******	1482076	1	1	0	700
1	*******	1482077	1	1	0	700
1	*******	1482078	1	1	0	700
1	*******	1482079	1	1	0	700

火枪
1	*******	1492075	1	1	0	700
1	*******	1492076	1	1	0	700
1	*******	1492077	1	1	0	700
1	*******	1492078	1	1	0	700
1	*******	1492079	1	1	0	700