单手剑
1	*******	1302176	1	1	0	700
1	*******	1302177	1	1	0	700
1	*******	1302178	1	1	0	700
1	*******	1302179	1	1	0	700
单手斧
1	*******	1312074	1	1	0	700
1	*******	1312075	1	1	0	700
1	*******	1312076	1	1	0	700
1	*******	1312077	1	1	0	700
单手棍
1	*******	1322109	1	1	0	700
1	*******	1322110	1	1	0	700
1	*******	1322111	1	1	0	700
1	*******	1322112	1	1	0	700
短剑
1	*******	1332154	1	1	0	700
1	*******	1332155	1	1	0	700
1	*******	1332156	1	1	0	700
1	*******	1332157	1	1	0	700
双刀
1	*******	1342043	1	1	0	700
1	*******	1342044	1	1	0	700
1	*******	1342045	1	1	0	700
1	*******	1342046	1	1	0	700
短杖
1	*******	1372103	1	1	0	700
1	*******	1372104	1	1	0	700
1	*******	1372105	1	1	0	700
1	*******	1372106	1	1	0	700

长杖
1	*******	1382128	1	1	0	700
1	*******	1382129	1	1	0	700
1	*******	1382130	1	1	0	700
1	*******	1382131	1	1	0	700

双手剑
1	*******	1402115	1	1	0	700
1	*******	1402116	1	1	0	700
1	*******	1402117	1	1	0	700
1	*******	1402118	1	1	0	700

双手斧
1	*******	1412073	1	1	0	700
1	*******	1412074	1	1	0	700
1	*******	1412075	1	1	0	700
1	*******	1412076	1	1	0	700

双手棍
1	*******	1422075	1	1	0	700
1	*******	1422076	1	1	0	700
1	*******	1422077	1	1	0	700
1	*******	1422078	1	1	0	700

枪
1	*******	1432103	1	1	0	700
1	*******	1432104	1	1	0	700
1	*******	1432105	1	1	0	700
1	*******	1432106	1	1	0	700

矛
1	*******	1442140	1	1	0	700
1	*******	1442141	1	1	0	700
1	*******	1442142	1	1	0	700
1	*******	1442143	1	1	0	700

弓
1	*******	1452133	1	1	0	700
1	*******	1452134	1	1	0	700
1	*******	1452135	1	1	0	700
1	*******	1452136	1	1	0	700

弩
1	*******	1462122	1	1	0	700
1	*******	1462123	1	1	0	700
1	*******	1462124	1	1	0	700
1	*******	1462125	1	1	0	700

拳套
1	*******	1472145	1	1	0	700
1	*******	1472146	1	1	0	700
1	*******	1472147	1	1	0	700
1	*******	1472148	1	1	0	700

指虎
1	*******	1482106	1	1	0	700
1	*******	1482107	1	1	0	700
1	*******	1482108	1	1	0	700
1	*******	1482109	1	1	0	700

火枪
1	*******	1492105	1	1	0	700
1	*******	1492106	1	1	0	700
1	*******	1492107	1	1	0	700
1	*******	1492108	1	1	0	700

双弩枪
1	*******	1522024	1	1	0	700
1	*******	1522025	1	1	0	700
1	*******	1522026	1	1	0	700
1	*******	1522027	1	1	0	700

加农炮
1	*******	1532041	1	1	0	700
1	*******	1532042	1	1	0	700
1	*******	1532043	1	1	0	700
1	*******	1532044	1	1	0	700

