1	*******	1322023	1	1	0	700
1	*******	1322053	1	1	0	700
10：
1	*******	1322006	1	1	0	700
15：
1	*******	1322007	1	1	0	700
1	*******	1322012	1	1	0	700
20：
1	*******	1322008	1	1	0	700
1	*******	1322051	1	1	0	700
25：
1	*******	1322009	1	1	0	700
1	*******	1322022	1	1	0	700
1	*******	1322031	1	1	0	700
30：
1	*******	1322003	1	1	0	700
1	*******	1322027	1	1	0	700
40：
1	*******	1322024	1	1	0	700
50：
1	*******	1322021	1	1	0	700
60：
1	*******	1322025	1	1	0	700
65：
1	*******	1322033	1	1	0	700
70：
1	*******	1322026	1	1	0	700






特殊GM
1	*******	1322013	1	1	0	700

系列
1	*******	1322063	1	1	0	700
1	*******	1322064	1	1	0	700


待定

1	*******	1322055	1	1	0	700
1	*******	1322056	1	1	0	700
1	*******	1322057	1	1	0	700
1	*******	1322058	1	1	0	700
