1	*******	1302017	1	1	0	700
1	*******	1302021	1	1	0	700
1	*******	1302024	1	1	0	700
1	*******	1302027	1	1	0	700
1	*******	1302057	1	1	0	700
1	*******	1302150	1	1	0	700
10：
1	*******	1302007	1	1	0	700
1	*******	1302180	1	1	0	700
1	*******	1302181	1	1	0	700
20：
1	*******	1302131	1	1	0	700
25：
1	*******	1302022	1	1	0	700
1	*******	1302025	1	1	0	700
1	*******	1302080	1	1	0	700
30：
1	*******	1302058	1	1	0	700
35：
1	*******	1302013	1	1	0	700
1	*******	1302063	1	1	0	700
40：
1	*******	1302016	1	1	0	700
1	*******	1302029	1	1	0	700
1	*******	1302049	1	1	0	700
45：
1	*******	1302019	1	1	0	700
1	*******	1302031	1	1	0	700
1	*******	1302068	1	1	0	700
55：
1	*******	1302025	1	1	0	700
60：
1	*******	1302037	1	1	0	700
70：
1	*******	1302026	1	1	0	700




系列：
1	*******	1302088	1	1	0	700
1	*******	1302089	1	1	0	700
1	*******	1302090	1	1	0	700
1	*******	1302091	1	1	0	700
1	*******	1302092	1	1	0	700
1	*******	1302093	1	1	0	700
1	*******	1302094	1	1	0	700

1	*******	1302095	1	1	0	700

1	*******	1302098	1	1	0	700
1	*******	1302099	1	1	0	700
1	*******	1302100	1	1	0	700
1	*******	1302101	1	1	0	700

1	*******	1302106	1	1	0	700
1	*******	1302107	1	1	0	700




待定
1	*******	1302033	1	1	0	700
1	*******	1302034	1	1	0	700
1	*******	1302035	1	1	0	700
1	*******	1302036	1	1	0	700

1	*******	1302062	1	1	0	700

1	*******	1302065	1	1	0	700
1	*******	1302066	1	1	0	700
1	*******	1302067	1	1	0	700

1	*******	1302071	1	1	0	700
1	*******	1302073	1	1	0	700
1	*******	1302074	1	1	0	700
1	*******	1302075	1	1	0	700
1	*******	1302076	1	1	0	700

