10：
1	*******	1322032	1	1	0	700
15：
1	*******	1322000	1	1	0	700
1	*******	1322001	1	1	0	700
1	*******	1322010	1	1	0	700
20：
1	*******	1322002	1	1	0	700
1	*******	1322011	1	1	0	700
25：
1	*******	1322004	1	1	0	700
30：
1	*******	1322014	1	1	0	700
35：
1	*******	1322015	1	1	0	700
40：
1	*******	1322016	1	1	0	700
50：
1	*******	1322017	1	1	0	700
60：
1	*******	1322018	1	1	0	700
70：
1	*******	1322019	1	1	0	700
75：
1	*******	1322020	1	1	0	700
80：
1	*******	1322028	1	1	0	700
90：
1	*******	1322029	1	1	0	700
100：
1	*******	1322045	1	1	0	700
110：
1	*******	1322052	1	1	0	700



