10：
1	*******	1402001	1	1	0	700
15：
1	*******	1402018	1	1	0	700
20：
1	*******	1402000	1	1	0	700
25：
1	*******	1402008	1	1	0	700
30：
1	*******	1402002	1	1	0	700
35：
1	*******	1402006	1	1	0	700
40：
1	*******	1402007	1	1	0	700
50：
1	*******	1402003	1	1	0	700
60：
1	*******	1402011	1	1	0	700
70：
1	*******	1402012	1	1	0	700
80：
1	*******	1402004	1	1	0	700
1	*******	1402015	1	1	0	700
90：
1	*******	1402005	1	1	0	700
1	*******	1402019	1	1	0	700
100：
1	*******	1402035	1	1	0	700
1	*******	1402037	1	1	0	700
110：
1	*******	1402036	1	1	0	700



