60
短剑
1	*******	1332127	1	1	0	700
短杖
1	*******	1372081	1	1	0	700
双手剑
1	*******	1402092	1	1	0	700
枪
1	*******	1432082	1	1	0	700
弓
1	*******	1452108	1	1	0	700
弩
1	*******	1462095	1	1	0	700
拳套
1	*******	1472119	1	1	0	700
指虎
1	*******	1482081	1	1	0	700
火枪
1	*******	1492082	1	1	0	700





80
短剑
1	*******	1332128	1	1	0	700
短杖
1	*******	1372082	1	1	0	700
双手剑
1	*******	1402093	1	1	0	700
枪
1	*******	1432083	1	1	0	700
弓
1	*******	1452109	1	1	0	700
弩
1	*******	1462096	1	1	0	700
拳套
1	*******	1472120	1	1	0	700
指虎
1	*******	1482082	1	1	0	700
火枪
1	*******	1492083	1	1	0	700


