单手剑
1	*******	1302160	1	1	0	700
1	*******	1302161	1	1	0	700
1	*******	1302162	1	1	0	700
短剑
1	*******	1332133	1	1	0	700
1	*******	1332134	1	1	0	700
1	*******	1332135	1	1	0	700
长杖
1	*******	1382109	1	1	0	700
1	*******	1382110	1	1	0	700
1	*******	1382111	1	1	0	700
矛
1	*******	1442121	1	1	0	700
1	*******	1442122	1	1	0	700
1	*******	1442123	1	1	0	700
弓
1	*******	1452114	1	1	0	700
1	*******	1452115	1	1	0	700
1	*******	1452116	1	1	0	700
弩
1	*******	1462102	1	1	0	700
1	*******	1462103	1	1	0	700
1	*******	1462104	1	1	0	700
拳套
1	*******	1472125	1	1	0	700
1	*******	1472126	1	1	0	700
1	*******	1472127	1	1	0	700
指虎
1	*******	1482087	1	1	0	700
1	*******	1482088	1	1	0	700
1	*******	1482089	1	1	0	700