10：
1	*******	1452002	1	1	0	700
15：
1	*******	1452003	1	1	0	700
20：
1	*******	1452001	1	1	0	700
25：
1	*******	1452000	1	1	0	700
30：
1	*******	1452005	1	1	0	700
35：
1	*******	1452006	1	1	0	700
40：
1	*******	1452007	1	1	0	700
50：
1	*******	1452008	1	1	0	700
60：
1	*******	1452004	1	1	0	700
65：
1	*******	1452018	1	1	0	700
70：
1	*******	1452009	1	1	0	700
1	*******	1452010	1	1	0	700
1	*******	1452011	1	1	0	700
80：
1	*******	1452012	1	1	0	700
1	*******	1452013	1	1	0	700
1	*******	1452014	1	1	0	700
1	*******	1452015	1	1	0	700
90：
1	*******	1452017	1	1	0	700
1	*******	1452025	1	1	0	700
1	*******	1452026	1	1	0	700
100：
1	*******	1452019	1	1	0	700
1	*******	1452020	1	1	0	700
1	*******	1452021	1	1	0	700
110：
1	*******	1452044	1	1	0	700



