10：
1	*******	1462001	1	1	0	700
15：
1	*******	1462002	1	1	0	700
20：
1	*******	1462003	1	1	0	700
25：
1	*******	1462000	1	1	0	700
30：
1	*******	1462004	1	1	0	700
35：
1	*******	1462005	1	1	0	700
40：
1	*******	1462006	1	1	0	700
50：
1	*******	1462007	1	1	0	700
60：
1	*******	1462008	1	1	0	700
70：
1	*******	1462009	1	1	0	700
80：
1	*******	1462010	1	1	0	700
1	*******	1462011	1	1	0	700
1	*******	1462012	1	1	0	700
1	*******	1462013	1	1	0	700
90：
1	*******	1462018	1	1	0	700
1	*******	1462021	1	1	0	700
1	*******	1462022	1	1	0	700
100：
1	*******	1462015	1	1	0	700
1	*******	1462016	1	1	0	700
1	*******	1462017	1	1	0	700
110：
1	*******	1462039	1	1	0	700



