15：
1	*******	1362002	1	1	0	700
20：
1	*******	1362003	1	1	0	700
25：
1	*******	1362004	1	1	0	700
30：
1	*******	1362005	1	1	0	700
35：
1	*******	1362006	1	1	0	700
40：
1	*******	1362007	1	1	0	700
50：
1	*******	1362008	1	1	0	700
60：
1	*******	1362009	1	1	0	700
70：
1	*******	1362010	1	1	0	700
80：
1	*******	1362011	1	1	0	700
90：
1	*******	1362012	1	1	0	700
100：
1	*******	1362013	1	1	0	700
110：
1	*******	1362015	1	1	0	700
1	*******	1362020	1	1	0	700
1	*******	1362021	1	1	0	700
1	*******	1362022	1	1	0	700
1	*******	1362023	1	1	0	700
1	*******	1362024	1	1	0	700



