10：
1	*******	1472000	1	1	0	700
15：
1	*******	1472001	1	1	0	700
1	*******	1472002	1	1	0	700
1	*******	1472003	1	1	0	700
20：
1	*******	1472004	1	1	0	700
1	*******	1472005	1	1	0	700
1	*******	1472006	1	1	0	700
25：
1	*******	1472007	1	1	0	700
30：
1	*******	1472008	1	1	0	700
1	*******	1472009	1	1	0	700
1	*******	1472010	1	1	0	700
35：
1	*******	1472011	1	1	0	700
1	*******	1472012	1	1	0	700
1	*******	1472013	1	1	0	700
40：
1	*******	1472014	1	1	0	700
1	*******	1472015	1	1	0	700
1	*******	1472016	1	1	0	700
1	*******	1472017	1	1	0	700
45：

50：
1	*******	1472018	1	1	0	700
1	*******	1472019	1	1	0	700
1	*******	1472020	1	1	0	700
1	*******	1472021	1	1	0	700
55：

60：
1	*******	1472022	1	1	0	700
1	*******	1472023	1	1	0	700
1	*******	1472024	1	1	0	700
1	*******	1472025	1	1	0	700
65：

70：
1	*******	1472026	1	1	0	700
1	*******	1472027	1	1	0	700
1	*******	1472028	1	1	0	700
1	*******	1472029	1	1	0	700
75：

80：
1	*******	1472031	1	1	0	700
85：

90：
1	*******	1472033	1	1	0	700
95：

100：
1	*******	1472053	1	1	0	700
105：

110：
1	*******	1472051	1	1	0	700
1	*******	1472052	1	1	0	700



