30：
1	*******	1382101	1	1	0	700
1	*******	1462093	1	1	0	700
1	*******	1492080	1	1	0	700

45：
单手剑
1	*******	1302169	1	1	0	700
单手斧
1	*******	1312068	1	1	0	700
单手棍
1	*******	1322099	1	1	0	700
短剑
1	*******	1332144	1	1	0	700
手杖
1	*******	1362057	1	1	0	700
短杖
1	*******	1372096	1	1	0	700
长杖
1	*******	1382120	1	1	0	700
双手剑
1	*******	1402106	1	1	0	700
双手斧
1	*******	1412067	1	1	0	700
双手棍
1	*******	1422069	1	1	0	700
枪
1	*******	1432095	1	1	0	700
矛
1	*******	1442132	1	1	0	700
弓
1	*******	1452125	1	1	0	700
弩
1	*******	1462113	1	1	0	700
拳套
1	*******	1472136	1	1	0	700
指虎
1	*******	1482098	1	1	0	700
火枪
1	*******	1492097	1	1	0	700
双弩枪
1	*******	1522065	1	1	0	700
双弩炮
1	*******	1532069	1	1	0	700

70：
单手剑
1	*******	1302170	1	1	0	700
单手斧
1	*******	1312069	1	1	0	700
单手棍
1	*******	1322101	1	1	0	700
短剑
1	*******	1332145	1	1	0	700
手杖
1	*******	1362058	1	1	0	700
短杖
1	*******	1372097	1	1	0	700
长杖
1	*******	1382121	1	1	0	700
双手剑
1	*******	1402107	1	1	0	700
双手斧
1	*******	1412068	1	1	0	700
双手棍
1	*******	1422070	1	1	0	700
枪
1	*******	1432096	1	1	0	700
矛
1	*******	1442133	1	1	0	700
弓
1	*******	1452126	1	1	0	700
弩
1	*******	1462114	1	1	0	700
拳套
1	*******	1472137	1	1	0	700
指虎
1	*******	1482099	1	1	0	700
火枪
1	*******	1492098	1	1	0	700
双弩枪
1	*******	1522066	1	1	0	700
双弩炮
1	*******	1532070	1	1	0	700


传说套装   80

1	*******	1302192	1	1	0	700
1	*******	1312098	1	1	0	700
1	*******	1322138	1	1	0	700
1	*******	1332168	1	1	0	700
1	*******	1372117	1	1	0	700
1	*******	1382142	1	1	0	700
1	*******	1402129	1	1	0	700
1	*******	1412087	1	1	0	700
1	*******	1422089	1	1	0	700
1	*******	1432117	1	1	0	700
1	*******	1442154	1	1	0	700
1	*******	1452147	1	1	0	700
1	*******	1462136	1	1	0	700
1	*******	1472159	1	1	0	700
1	*******	1482120	1	1	0	700
1	*******	1492119	1	1	0	700
1	*******	1522055	1	1	0	700
1	*******	1532059	1	1	0	700