苹果 HP 30  青苹果 MP 30
1	*******	2010000	1	1	0	70000
1	*******	2010009	1	1	0	70000



红色药水 HP50     蓝色药水 恢复 100
1	*******	2000000	1	1	0	70000
1	*******	2000017	1	1	0	70000


橙色药水 HP150  活力神水 300
1	*******	2000001	1	1	0	70000
1	*******	2000018	1	1	0	70000

白色药水  HP 300   矿泉水 MP800
1	*******	2000002	1	1	0	70000
1	*******	2001526	1	1	0	70000


西瓜HP MP 1000         红豆刨冰 MP2000
1	*******	2001000	1	1	0	70000
1	*******	2001002	1	1	0	70000


棒帮冰 HP2000
1	*******	2001001	1	1	0	70000



烤鳗鱼 HP 1000  
1	*******	2001527	1	1	0	70000

酥干酪 HP4000
1	*******	2001528	1	1	0	70000

驯鹿奶 HP 5000
1	*******	2001530	1	1	0	70000


天使的苹果 200  天使的柠檬 200
1	*******	2012005	1	1	0	70000
1	*******	2012006	1	1	0	70000


黄昏之露 

武陵

柑梗浓缩液  HP MP  200
1	*******	2022131	1	1	0	70000

山参浓缩液  HP MP 400
1	*******	2022132	1	1	0	70000

蟠桃罐头   HP 1000      蟠桃汁  500
1	*******	2022145	1	1	0	70000
1	*******	2022146	1	1	0	70000



童话村***********************************

谷茶   HP  MP 400
1	*******	2022052	1	1	0	70000

猪肉串  HP 800  荞麦 MP 800
1	*******	2022050	1	1	0	70000
1	*******	2022051	1	1	0	70000

玉米  HP 800  糖葫芦  MP 800
1	*******	2022062	1	1	0	70000
1	*******	2022063	1	1	0	70000


马来西亚 
新加坡****************************##

叻沙  HP800     番石榴  MP 500
1	*******	2022203	1	1	0	70000
1	*******	2022208	1	1	0	70000

福建面 Hp  1200   红毛丹果 MP 800
1	*******	2022204	1	1	0	70000
1	*******	2022209	1	1	0	70000

胡萝卜蛋糕  HP  1800   火龙果 MP 1600
1	*******	2022205	1	1	0	70000
1	*******	2022210	1	1	0	70000

鸡蛋饭   HP 2200     火龙果 MP 1600
1	*******	2022206	1	1	0	70000
1	*******	2022210	1	1	0	70000

沙爹  HP    2600   榴莲 MP 3200
1	*******	2022207	1	1	0	70000
1	*******	2022211	1	1	0	70000



日本****************************#####

香梭鱼 串  MP 250
1	*******	2022021	1	1	0	70000

香梭鱼 盘  MP500
1	*******	2022021	1	1	0	70000

三色糖膏  HP MP 400
1	*******	2022023	1	1	0	70000












姜饼先生饼干 HP500   姜饼女士饼干  HP 1200
1	*******	2020033	1	1	0	50000
1	*******	2020034	1	1	0	50000

拐杖棒棒糖 MP 800



蛋糕 HP MP 100
1	*******	2020002	1	1	0	50000

鲜奶蛋糕  HP MP  300
1	*******	2022279	1	1	0	50000

奶酪威化饼   HP MP 300
1	*******	2022192	1	1	0	50000

香烤起司
1	*******	2022189	1	1	0	50000

奶酪披萨 HP 900 MP 600
1	*******	2022191	1	1	0	50000

小鸡饼干   HP MP  1000
1	*******	2022335	1	1	0	50000

樱桃派    HP MP 2000
1	*******	2022190	1	1	0	50000

















绿色口香糖  HP 600
1	*******	2022248	1	1	0	50000
紫色口香糖  MP 600
1	*******	2022249	1	1	0	50000
橙色口香糖  HP 600  MP 600
1	*******	2022250	1	1	0	50000
红色口香糖  HP MP 1200
1	*******	2022247	1	1	0	50000





恢复50%
1	*******	2022855	1	1	0	100

恢复100%
1	*******	2022856	1	1	0	100























神秘遗物箱
1	*******	2022465	1	1	0	100
1	*******	2022466	1	1	0	100
1	*******	2022467	1	1	0	100
1	*******	2022468	1	1	0	100
1	*******	2028000	1	1	0	100
1	*******	2028001	1	1	0	100
1	*******	2028002	1	1	0	100
1	*******	2028003	1	1	0	100
1	*******	2028004	1	1	0	100
1	*******	2028040	1	1	0	100
1	*******	2028068	1	1	0	100
1	*******	2028069	1	1	0	100
1	*******	2028073	1	1	0	100
1	*******	2028076	1	1	0	100


万能卷轴
1	*******	2028061	1	1	0	300
万能配方
1	*******	2028062	1	1	0	300
万能技能书
1	*******	2290285	1	1	0	300
1	*******	2290581	1	1	0	300


可爱的福满月妙
1	*******	2028069	1	1	0	300
1	*******	2028083	1	1	0	300


蛋糕
1	*******	2210033	1	1	0	300




1	*******	2049115	1	1	0	3000











2430008  黄金罗盘  可以去金力奇仓库

商店
2050006    猫头鹰药水
星岩箱子
2430692
骑乘类
2430036
2430037
2430038
2430039
2430040





























