单手剑
1	*******	1302163	1	1	0	700
1	*******	1302164	1	1	0	700
1	*******	1302165	1	1	0	700

单手斧
1	*******	1312088	1	1	0	700
1	*******	1312089	1	1	0	700
1	*******	1312090	1	1	0	700

单手棍
1	*******	1322128	1	1	0	700
1	*******	1322129	1	1	0	700
1	*******	1322130	1	1	0	700

短剑
1	*******	1332136	1	1	0	700
1	*******	1332137	1	1	0	700
1	*******	1332138	1	1	0	700

短杖
1	*******	1372088	1	1	0	700
1	*******	1372089	1	1	0	700
1	*******	1372090	1	1	0	700

长杖
1	*******	1382112	1	1	0	700
1	*******	1382113	1	1	0	700
1	*******	1382114	1	1	0	700

双手剑
1	*******	1402098	1	1	0	700
1	*******	1402099	1	1	0	700
1	*******	1402100	1	1	0	700

枪
1	*******	1432089	1	1	0	700
1	*******	1432090	1	1	0	700
1	*******	1432091	1	1	0	700

矛
1	*******	1442124	1	1	0	700
1	*******	1442125	1	1	0	700
1	*******	1442126	1	1	0	700

弓
1	*******	1452117	1	1	0	700
1	*******	1452118	1	1	0	700
1	*******	1452119	1	1	0	700

弩
1	*******	1462105	1	1	0	700
1	*******	1462106	1	1	0	700
1	*******	1462107	1	1	0	700

拳套
1	*******	1472128	1	1	0	700
1	*******	1472129	1	1	0	700
1	*******	1472130	1	1	0	700

指虎
1	*******	1482090	1	1	0	700
1	*******	1482091	1	1	0	700
1	*******	1482092	1	1	0	700

火枪
1	*******	1492088	1	1	0	700
1	*******	1492089	1	1	0	700
1	*******	1492090	1	1	0	700

双弩枪
1	*******	1522047	1	1	0	700
1	*******	1522048	1	1	0	700
1	*******	1522049	1	1	0	700

加农炮
1	*******	1532055	1	1	0	700
1	*******	1532056	1	1	0	700
1	*******	1532057	1	1	0	700






