1	*******	1442012	1	1	0	700
10：
1	*******	1442013	1	1	0	700
1	*******	1442021	1	1	0	700
1	*******	1442039	1	1	0	700
20：
1	*******	1442014	1	1	0	700
1	*******	1442018	1	1	0	700
25：
1	*******	1442004	1	1	0	700
30：
1	*******	1442011	1	1	0	700
1	*******	1442080	1	1	0	700
1	*******	1442106	1	1	0	700
35：
1	*******	1442015	1	1	0	700
1	*******	1442023	1	1	0	700
45：
1	*******	1442016	1	1	0	700
1	*******	1442025	1	1	0	700
50：
1	*******	1442046	1	1	0	700
55：
1	*******	1442155	1	1	0	700
60：
1	*******	1442017	1	1	0	700
65：
1	*******	1442022	1	1	0	700
70：
1	*******	1442030	1	1	0	700
100：
1	*******	1442068	1	1	0	700
120：
1	*******	1442002	1	1	0	700




系列
1	*******	1442026	1	1	0	700
1	*******	1442027	1	1	0	700
1	*******	1442028	1	1	0	700
1	*******	1442029	1	1	0	700

1	*******	1442047	1	1	0	700
1	*******	1442048	1	1	0	700
1	*******	1442049	1	1	0	700
1	*******	1442050	1	1	0	700

1	*******	1442054	1	1	0	700
1	*******	1442055	1	1	0	700
1	*******	1442056	1	1	0	700
1	*******	1442057	1	1	0	700

1	*******	1442061	1	1	0	700

1	*******	1442065	1	1	0	700
1	*******	1442066	1	1	0	700

1	*******	1442103	1	1	0	700

1	*******	1442119	1	1	0	700
1	*******	1442120	1	1	0	700

1	*******	1442157	1	1	0	700
1	*******	1442174	1	1	0	700
1	*******	1442175	1	1	0	700
1	*******	1442176	1	1	0	700
1	*******	1442177	1	1	0	700
1	*******	1442178	1	1	0	700
1	*******	1442179	1	1	0	700


待定
1	*******	1442052	1	1	0	700
1	*******	1442053	1	1	0	700

1	*******	1442058	1	1	0	700
1	*******	1442059	1	1	0	700