10：
1	*******	1332000	1	1	0	700
15：
1	*******	1332002	1	1	0	700
1	*******	1332006	1	1	0	700
20：
1	*******	1332008	1	1	0	700
1	*******	1332013	1	1	0	700
25：
1	*******	1332004	1	1	0	700
1	*******	1332010	1	1	0	700
30：
1	*******	1332001	1	1	0	700
1	*******	1332009	1	1	0	700
1	*******	1332012	1	1	0	700
35：
1	*******	1332014	1	1	0	700
40：
1	*******	1332011	1	1	0	700
50：
1	*******	1332003	1	1	0	700
1	*******	1332016	1	1	0	700
60：
1	*******	1332015	1	1	0	700
1	*******	1332017	1	1	0	700
70：
1	*******	1332018	1	1	0	700
1	*******	1332019	1	1	0	700
80：
1	*******	1332022	1	1	0	700
1	*******	1332023	1	1	0	700
90：
1	*******	1332026	1	1	0	700
1	*******	1332027	1	1	0	700
100：
1	*******	1332051	1	1	0	700
1	*******	1332052	1	1	0	700
110：
1	*******	1332049	1	1	0	700
1	*******	1332050	1	1	0	700




