1	*******	1332005	1	1	0	700
1	*******	1332007	1	1	0	700
10：
1	*******	1332032	1	1	0	700
35：
1	*******	1332020	1	1	0	700
40：
1	*******	1332021	1	1	0	700
1	*******	1332031	1	1	0	700
50：
1	*******	1332029	1	1	0	700
1	*******	1332054	1	1	0	700
55：
1	*******	1332024	1	1	0	700
65：
1	*******	1332030	1	1	0	700
75：
1	*******	1332053	1	1	0	700


系列

1	*******	1332067	1	1	0	700
1	*******	1332068	1	1	0	700
1	*******	1332069	1	1	0	700
1	*******	1332070	1	1	0	700
1	*******	1332071	1	1	0	700
1	*******	1332072	1	1	0	700

1	*******	1332077	1	1	0	700
1	*******	1332078	1	1	0	700
1	*******	1332079	1	1	0	700
1	*******	1332080	1	1	0	700

1	*******	1332112	1	1	0	700
1	*******	1332113	1	1	0	700








待定
1	*******	1332057	1	1	0	700
1	*******	1332059	1	1	0	700
1	*******	1332060	1	1	0	700
1	*******	1332061	1	1	0	700