10：
1	*******	1372006	1	1	0	700
15：
1	*******	1372002	1	1	0	700
20：
1	*******	1372004	1	1	0	700
25：
1	*******	1372003	1	1	0	700
30：
1	*******	1372001	1	1	0	700
35：
1	*******	1372000	1	1	0	700
1	*******	1372012	1	1	0	700
45：
1	*******	1372007	1	1	0	700
50：
1	*******	1372011	1	1	0	700
55：
1	*******	1372014	1	1	0	700
65：
1	*******	1372015	1	1	0	700
70：
1	*******	1372035	1	1	0	700
1	*******	1372036	1	1	0	700
1	*******	1372037	1	1	0	700
1	*******	1372038	1	1	0	700
75：
1	*******	1372016	1	1	0	700
85：
1	*******	1372009	1	1	0	700
95：
1	*******	1372010	1	1	0	700
105：
1	*******	1372032	1	1	0	700




