10：
1	*******	1382000	1	1	0	700
15：
1	*******	1382003	1	1	0	700
1	*******	1382005	1	1	0	700
20：
1	*******	1382004	1	1	0	700
25：
1	*******	1382002	1	1	0	700
30：
1	*******	1382017	1	1	0	700
35：
1	*******	1382018	1	1	0	700
40：
1	*******	1382019	1	1	0	700
45：
1	*******	1382001	1	1	0	700
55：
1	*******	1382006	1	1	0	700
65：
1	*******	1382007	1	1	0	700
75：
1	*******	1382010	1	1	0	700
85：
1	*******	1382008	1	1	0	700
95：
1	*******	1382035	1	1	0	700
100：
1	*******	1382037	1	1	0	700
1	*******	1382045	1	1	0	700
1	*******	1382046	1	1	0	700
1	*******	1382047	1	1	0	700
1	*******	1382048	1	1	0	700
110：
1	*******	1382036	1	1	0	700



