1	*******	1382107	1	1	0	700
30：
1	*******	1382015	1	1	0	700
1	*******	1382092	1	1	0	700
40:
1	*******	1382041	1	1	0	700
51：
1	*******	1382011	1	1	0	700
1	*******	1382014	1	1	0	700
55：
1	*******	1382068	1	1	0	700
75：
1	*******	1382143	1	1	0	700
90：
1	*******	1382016	1	1	0	700
100：
1	*******	1382060	1	1	0	700






系列
1	*******	1382054	1	1	0	700
1	*******	1382055	1	1	0	700
1	*******	1382056	1	1	0	700

1	*******	1382106	1	1	0	700


待定
1	*******	1382040	1	1	0	700
1	*******	1382042	1	1	0	700
1	*******	1382043	1	1	0	700
1	*******	1382044	1	1	0	700