1035	透德的打猎方法  9300018
1451	真正的冒险家   8180001   8180000
1453	真正的冒险家   8180001   8180000
1455	真正的冒险家   8180001   8180000
1457	真正的冒险家   8180001   8180000
1459	真正的冒险家   8180001   8180000
2096	封印住神秘危险之力的仪式 1    4230100
2097	封印住神秘危险之力的仪式  2   6230100  7130101  7130100


2273	秘密食谱    3400004   3400006   3400008
2277	马歇尔的拒绝  4300006  4300007  4300008
2286	新歌委托     4300015   4300011
2288	不能剽窃     4300013
2326	詹姆斯的行踪(2)    3300003
2357	伪造的痕迹   2300100    3230101
2359	第六项任务 - 清除痕迹      1120100
2371	延友的担忧                      3210100
2378	第六项任务 - 清除痕迹2    1210103
2379	第六项任务 - 清除痕迹3    2300100
2380	第六项任务 - 清除痕迹4    1110101


2507	女皇的强化  2100100      2100101
2508	女皇的强化  2100100      2100101
2509	女皇的强化  2100100      2100101
2510	女皇的强化  2100100      2100101
2511	女皇的强化  2100100      2100101
2512	光精灵的力量    4230201   4230118
2513	光精灵的力量    3110300   4230503
2514	光精灵的力量    5110300   6130203
2515	光精灵的力量    6230500   8140600
2516	光精灵的力量    7120105   7130004
2517	火精灵的力量    4230201   4230118
2518	火精灵的力量    3110300   4230503
2519	火精灵的力量    5110300   6130203
2520	火精灵的力量    6230500   8140600
2521	火精灵的力量    7120105   7130004
2522	风精灵的力量    4230201   4230118
2523	风精灵的力量    3110300   4230503
2524	风精灵的力量    5110300   6130203
2525	风精灵的力量    6230500   8140600
2526	风精灵的力量    7120105   7130004
2527	暗精灵的力量    4230201   4230118
2528	暗精灵的力量    3110300   4230503
2529	暗精灵的力量    5110300   6130203
2530	暗精灵的力量    6230500   8140600
2531	暗精灵的力量    7120105   7130004
2532	雷精灵的力量    4230201   4230118
2533	雷精灵的力量    3110300   4230503
2534	雷精灵的力量    5110300   6130203
2535	雷精灵的力量    6230500   8140600
2536	雷精灵的力量    7120105   7130004



2715	淡黄色绿蘑菇盖   1110100
2718	刺蘑菇派的材料 2110200
2719	包装刺蘑菇派  2110200
2722	书虫儿子 2220100
2724	阿勒斯的金表 6130101
2726	碎裂的石块 5130101
2728	蓝色物质的真相  8220007
2731	僵尸蘑菇王的情报  6300005
2753	妖精艾温的委托  1210103
2775	鲁巴尔的委托 3210800
2814         干枯的树枝 130100 1110101  1130100  2130100
2821	丢失的设计图  4230103
2861	不认识的女人的委托   4230102
2865	休咪的健忘症  5090000
2876	和解  3110100
2883	内拉的第六个委托  2230114
2903	送猪肉1  1210104
2919	寻找眼镜 1220001
2922	王子的委托1  1220002
2928	瓦莱莉危险的忠诚心 1140100




3071	黑暗契约的秘密   5130107   5130108
3076	卡勒塔的要求    8510000  8520000  8140600
3078	被堵住的深海道路    8150101
3080	坎特的海底生物调查1  2230106   2230105   2230108
3081	坎特的海底生物调查2   3230104   2230200  2230109
3082	坎特的海底生物调查3   4230124  4230123   4230200
3088	收集精灵的云块    3230200  5120000    4230106
3093	雪的结晶1   5300000

3117	记忆的痕迹  5130104  5140000
3164	杰恩的弟弟    8210010
3207	乃米的做菜材料   3110102
3208	乃米的做菜材料2  3210205
3223	玩具工人的装备    3230302
3227	穿黑衣服的人     4230119
3229	玩具兵的胡桃     3210205
3310	卡森的考试  9300141
3312	罗赛伦的研究材料   3110302   3110303
3343	隐藏的文字   8110300
3358	疯老头的出入证    6110301

3413	打退白外星人司令        4240000
3414	白外星人之星的历史    4240000  4230116  4230117  4230118
3416	定时表的配合   4230112
3438	无光水晶	0    3230400
3440	打退黑暗之力    3230400
3446	灵魂收集器    8141000
3448	搜集狂麦森   6230300
3449	搜集狂麦森Ⅱ   6230300 
3454	超声波解读机    4230116 4230117 4230118  4240000
3606	遗失的葫芦种子    4230300
3611	消灭鬼怪    7130400 7130401 7130402
3621	断掉的木锄头  6130202
3629	成为日月的兄妹     2230106   5100003
3632	沈师铭的请托    3210208
3636	金银斧      2130100
3642	七诚的请求     5100004 
3647	回魂     7220001
3712	收回黑色灵魂 7130501  8140111  8150302   8150201
3722         少女的绘本  7120103 7120104 7120105
3727         避难所的钥匙 7120106 7120107
3758	向着天空 1   8150200  8150201 8150300 8150301 8150302 8140700
                                   8140701  

3804	猫元灵大扫除   6130209
3810	神仙的条幅2    5120506
3851	药草地的影子魔鬼  4230505 4230506

3911	铸华丽的剑     2100108
4914	苏白尼的遗物  - 侵入   9400543
4915	苏白尼的遗物  - 释出   9400546
4916	迷失了！	0    4230116
4917	重回异世界      4230113    


7100	死守玩具城    8140300 8141000 7140000 8140200 7130300 7130010
                                    6400100 6230400 6230500 6300100 6230300 6130200
                                    8141100 8142000 8170000 8143000 8160000 
7101	替代时间能源   8140300 8141000 7140000 8140200 7130300 7130010
                                     6400100 6230400 6230500 6300100 6230300 6130200
                                      8141100 8142000 8170000 8143000 8160000 

7103	帕普拉图斯     8160000   8170000
7104	裂缝的碎片    8141100    8143000

7301	变身秘药	0   8150200   8150201  8150300  8150301 8150302 8180000
7303	制作变身秘药  8150200   8150201  8150300  8150301 8150302 8180000


8005	小岚的手提包  9400110  9400111
20616	女皇的恩宠   8140001  8140002
20705	玩世不恭的花蘑菇    9300274
20707	猪猪的叛乱        1210100
20711	假人偶      1210103
20713	权达开的交易    1210103
20722	木面怪人的异常    2230110
20723	石面怪人的异常    2230111 
20749       时间破坏者           9300308
20753	阿卡伊勒的结界 8140700 8140701 8140702 8140703
21614       狼的心脏      8190003
21709	调查花蘑菇的异常    9300274   1210102
21710	怪物战争？      1210100
21711	玩世不恭的花蘑菇登场    9300274
21714	南部秘密森林的绿蘑菇     1110130
21727	调查僵尸蘑菇   2230131
21737	巨大食人花登场？ 9300347
21752       寻找钥匙         5250002
22004	修理篱笆         130100
22503	 一口肉            1210100
22524	 奇怪的人偶      2220100
22529	 帮助新手冒险家吉米    130100  1130100    1110101
22531	 警卫的第四件工作：发现奇怪的蘑菇    2230101
22532	 警卫的第五件工作：奇怪的野猪     2230102  
22548	 小偷的线索   3110100
22610        想见伊贝赫的话2   7150002
23121	卖水交易	0    9300414

23247	旧武器   2150001
23260	阿尔卡斯特的苦恼  3000000  5200000 5200001 5200002
23263	虽然可爱不是罪，但是……  4230121
23265	成功了一半？ 8200000


23941	重要的是钱    3150000
23943	冲锋准备      3150001
23959	武士也会肚子饿    7150002
23964	实验需要的东西1    7150003
23965	实验需要的东西2    8105000
23976	需要细胞样本   8105005

24053	巴缇的委托1 2230100
24054	巴缇的委托2 3230100
24057	芳博士的委托1  4230400
24060	布鲁斯的委托1 5130101
24061	布鲁斯的委托2  6300005
24081	一无所获的调查 6130100


28747       盗矿贼入侵    9400805

31001	这里就是克里塞？  5160000
31014	请让薛西斯恢复原样。 6160003
31110	收集粮食1    8600000
31114	尤塔的委托   8600001
31116	永不放弃的梦   8600003
31125	要塞潜入准备     8610022
31132	写给儿子的信     8610007
31133	找回笑容  8610006
31141	强力武器  8610010 8610011 8610012 8610013 8610014 8610015



狮子王
1	8210005	4032835	1	1	3170	400000
1	8210004	4032836	1	1	3174	400000
1	8210004	4032838	1	1	3177	400000
1	8210005	4032838	1	1	3177	400000
1	8210003	4032838	1	1	3177	400000
1	8210002	4032838	1	1	3177	400000
1	8210001	4032838	1	1	3177	400000
1	8210000	4032838	1	1	3177	400000

黑暗圣地
1	8610013	4032928	1	1	31142	400000
1	8610014	4032927	1	1	31143	400000

过时任务
1	7130500	4032511	1	1	3715	20000
1	7130002	4032511	1	1	3715	20000

1	7130003	4032511	1	1	3718	100000
1	7130004	4032511	1	1	3718	200000

1	7130100	4031466	1	1	6107	80000
1	6230100	4031466	1	1	6107	30000
1	7130101	4031466	1	1	6107	80000
1	8130100	4031466	1	1	6107	500000
1	9300085	4031466	1	1	6107	40000

1	8140101	4031465	1	1	6250	5000
1	8140101	4031487	1	1	6251	5000
1	8140102	4031465	1	1	6250	5000
1	8140102	4031487	1	1	6251	5000
1	8140103	4031465	1	1	6250	5000
1	8140103	4031487	1	1	6251	5000

1	8141100	4031874	1	1	6390	60000

1	8150301	4031449	1	1	6120	20000
1	8150301	4031482	1	1	6121	20000
1	8150301	4031483	1	1	6122	20000
1	8150301	4031484	1	1	6123	20000
1	8150301	4031485	1	1	6124	20000

1	8150302	4031449	1	1	6120	20000
1	8150302	4031482	1	1	6121	20000
1	8150302	4031483	1	1	6122	20000
1	8150302	4031484	1	1	6123	20000
1	8150302	4031485	1	1	6124	20000

1	8150300	4031449	1	1	6120	20000
1	8150300	4031482	1	1	6121	20000
1	8150300	4031483	1	1	6122	20000
1	8150300	4031484	1	1	6123	20000
1	8150300	4031485	1	1	6124	20000

1	8180001	4031479	1	1	6151	999999
1	8130100	4031475	1	1	6153	500000

1	8170000	4031458	1	1	6231	10000
1	8180001	4031457	1	1	6231	400000

1	8140000	4031460	1	1	6168	10000

1	8140700	4031871	1	1	6350	60000

1	8141000	4031873	1	1	6380	60000

1	8140701	4031872	1	1	6340	60000

1	8180000	4031511	1	1	6904	600000
1	8180001	4031511	1	1	6904	600000

1	8180001	4031464	1	1	6303	1000000

1	8170000	4031453	1	1	6291	50000

1	8160000	4031474	1	1	6295	50000
1	8160000	4031473	1	1	6226	20000
1	8160000	4031496	1	1	6316	20000

1	8500002	4031869	1	1	6360	999999
