1              9400013	4000225	1	1	0	400000
1	9400013	2040306	1	1	0	450
1	9400013	2043704	1	1	0	450
1	9400013	2044605	1	1	0	650
1	9400013	2041034	1	1	0	450
1	9400013	2022018	1	1	0	20001
1	9400013	2000006	1	1	0	20002
1	9400013	2000004	1	1	0	20012
1	9400013	2010003	1	1	0	20003
1	9400013	2002005	1	1	0	20003
1	9400013	1032019	1	1	0	1608
1	9400013	1102013	1	1	0	1300
1	9400013	1322026	1	1	0	1319
1	9400013	1092015	1	1	0	1317
1	9400013	1412010	1	1	0	1319
1	9400013	1402004	1	1	0	1319
1	9400013	1382016	1	1	0	1329
1	9400013	1002276	1	1	0	1331
1	9400013	1002403	1	1	0	1331
1	9400013	1472027	1	1	0	1349